[0m [0m [0m[38;2;6;6;6m▄[38;2;0;0;0m[48;2;8;8;8m▀[0m[38;2;6;6;6m▄[0m [0m[38;2;0;0;0m▄[0m [0m [0m [0m [0m [0m [0m [0m [0m [0m [0m [0m [0m [0m [0m [0m [0m [0m [0m [0m [0m [0m [0m [0m [0m [0m [0m [0m [0m[38;2;3;3;3m▄[0m[38;2;4;3;3m▄[0m [0m [0m [0m
[0m [0m [0m[38;2;6;6;6m▀[38;2;11;11;11m[48;2;7;7;7m▀[0m[38;2;7;7;7m▀[0m [0m [0m [0m [0m [0m [0m [0m [0m [0m [0m [0m [0m [0m [0m [0m [0m [0m [0m [0m [0m [0m [0m [0m [0m [0m [0m [0m [0m [0m [38;2;4;4;4m[48;2;3;3;3m▀[38;2;7;6;6m[48;2;5;3;3m▀[0m[38;2;3;3;3m▀[0m [0m [0m
[0m [0m [0m [0m [0m [0m [0m [0m [0m [0m [0m [0m [0m [0m [0m [0m [0m [0m [0m [0m [0m [0m [0m [0m [0m [0m [0m [0m [0m [0m [0m [0m [0m [0m [0m [0m [0m [0m [0m [0m [0m
[0m [0m [0m [0m [0m [0m [0m [0m [0m [0m [0m [0m [0m [0m [0m [0m [0m [0m [0m [0m [0m [0m [0m [0m [0m [0m [0m [0m [0m [0m [0m [0m [0m [0m [0m [0m [0m [0m [0m [0m [0m
[0m [0m [0m [0m [0m [0m [0m [0m [0m [0m [0m [0m [0m [0m [0m [0m [0m [0m [0m [0m [0m [0m [0m [0m [0m [0m [0m [0m [0m [0m [0m [0m [0m [0m [0m [0m [0m [0m [0m [0m [0m
[0m [0m [0m [0m [0m [0m [0m [0m [0m [0m [0m [0m [0m [0m [0m [0m [0m [0m [0m [0m [0m [0m [0m [0m [0m [0m [0m [0m [0m [0m [0m [0m [0m [0m [0m [0m [0m [0m [0m [0m [0m
[0m [0m [0m [0m[38;2;108;11;11m▄[0m[38;2;102;11;11m▄[0m[38;2;101;11;11m▄[0m[38;2;101;11;11m▄[0m[38;2;101;11;11m▄[0m[38;2;101;11;11m▄[0m[38;2;101;11;11m▄[0m[38;2;101;11;11m▄[0m[38;2;101;11;11m▄[0m[38;2;91;10;10m▄[0m[38;2;80;8;8m▄[0m[38;2;101;11;11m▄[0m[38;2;99;11;11m▄[0m[38;2;101;11;11m▄[0m[38;2;101;11;11m▄[0m[38;2;101;11;11m▄[0m[38;2;101;11;11m▄[0m[38;2;101;11;11m▄[0m[38;2;101;11;11m▄[0m[38;2;101;11;11m▄[0m[38;2;101;11;11m▄[0m[38;2;99;11;11m▄[0m[38;2;101;11;11m▄[0m[38;2;74;8;8m▄[0m[38;2;98;10;10m▄[0m[38;2;101;11;11m▄[0m[38;2;101;11;11m▄[0m[38;2;101;11;11m▄[0m[38;2;101;11;11m▄[0m[38;2;101;11;11m▄[0m[38;2;101;11;11m▄[0m[38;2;101;11;11m▄[0m[38;2;102;11;11m▄[0m[38;2;108;11;11m▄[0m [0m [0m [0m
[0m [0m [38;2;117;11;11m[48;2;123;12;12m▀[38;2;174;17;17m[48;2;174;17;17m▀[38;2;161;16;16m[48;2;163;16;16m▀[38;2;163;16;16m[48;2;163;16;16m▀[38;2;163;16;16m[48;2;163;16;16m▀[38;2;163;16;16m[48;2;163;16;16m▀[38;2;163;16;16m[48;2;163;16;16m▀[38;2;163;16;16m[48;2;163;16;16m▀[38;2;163;16;16m[48;2;163;16;16m▀[38;2;163;16;16m[48;2;163;16;16m▀[38;2;163;16;16m[48;2;163;16;16m▀[38;2;163;16;16m[48;2;163;16;16m▀[38;2;163;16;16m[48;2;163;16;16m▀[38;2;163;16;16m[48;2;163;16;16m▀[38;2;163;16;16m[48;2;163;16;16m▀[38;2;163;16;16m[48;2;163;16;16m▀[38;2;163;16;16m[48;2;163;16;16m▀[38;2;163;16;16m[48;2;163;16;16m▀[38;2;163;16;16m[48;2;163;16;16m▀[38;2;163;16;16m[48;2;163;16;16m▀[38;2;163;16;16m[48;2;163;16;16m▀[38;2;163;16;16m[48;2;163;16;16m▀[38;2;163;16;16m[48;2;163;16;16m▀[38;2;163;16;16m[48;2;163;16;16m▀[38;2;162;16;16m[48;2;163;16;16m▀[38;2;163;16;16m[48;2;163;16;16m▀[38;2;163;16;16m[48;2;163;16;16m▀[38;2;163;16;16m[48;2;163;16;16m▀[38;2;163;16;16m[48;2;163;16;16m▀[38;2;163;16;16m[48;2;163;16;16m▀[38;2;163;16;16m[48;2;163;16;16m▀[38;2;163;16;16m[48;2;163;16;16m▀[38;2;163;16;16m[48;2;163;16;16m▀[38;2;161;16;16m[48;2;163;16;16m▀[38;2;173;17;17m[48;2;173;17;17m▀[38;2;117;12;12m[48;2;123;12;12m▀[0m [0m [0m
[0m [0m [38;2;122;12;12m[48;2;122;12;12m▀[38;2;173;17;17m[48;2;173;17;17m▀[38;2;162;16;16m[48;2;162;16;16m▀[38;2;162;16;16m[48;2;162;16;16m▀[38;2;162;16;16m[48;2;162;16;16m▀[38;2;162;16;16m[48;2;162;16;16m▀[38;2;162;16;16m[48;2;162;16;16m▀[38;2;162;16;16m[48;2;162;16;16m▀[38;2;162;16;16m[48;2;161;16;16m▀[38;2;160;16;16m[48;2;170;17;17m▀[38;2;159;16;16m[48;2;173;17;17m▀[38;2;159;16;16m[48;2;173;17;17m▀[38;2;159;16;16m[48;2;172;17;17m▀[38;2;162;16;16m[48;2;162;16;16m▀[38;2;162;16;16m[48;2;162;16;16m▀[38;2;162;16;16m[48;2;162;16;16m▀[38;2;162;16;16m[48;2;162;16;16m▀[38;2;162;16;16m[48;2;162;16;16m▀[38;2;162;16;16m[48;2;162;16;16m▀[38;2;162;16;16m[48;2;162;16;16m▀[38;2;162;16;16m[48;2;162;16;16m▀[38;2;162;16;16m[48;2;162;16;16m▀[38;2;161;16;16m[48;2;164;16;16m▀[38;2;160;16;16m[48;2;170;17;17m▀[38;2;160;16;16m[48;2;170;17;17m▀[38;2;160;16;16m[48;2;170;17;17m▀[38;2;161;16;16m[48;2;165;16;16m▀[38;2;162;16;16m[48;2;161;16;16m▀[38;2;162;16;16m[48;2;162;16;16m▀[38;2;162;16;16m[48;2;162;16;16m▀[38;2;162;16;16m[48;2;162;16;16m▀[38;2;162;16;16m[48;2;162;16;16m▀[38;2;162;16;16m[48;2;162;16;16m▀[38;2;162;16;16m[48;2;162;16;16m▀[38;2;172;17;17m[48;2;172;17;17m▀[38;2;122;12;12m[48;2;122;12;12m▀[0m [0m [0m
[0m [0m [38;2;121;12;12m[48;2;126;10;10m▀[38;2;173;17;17m[48;2;173;17;17m▀[38;2;162;16;16m[48;2;162;16;16m▀[38;2;162;16;16m[48;2;162;16;16m▀[38;2;162;16;16m[48;2;162;16;16m▀[38;2;162;16;16m[48;2;162;16;16m▀[38;2;162;16;16m[48;2;162;16;16m▀[38;2;161;16;16m[48;2;160;16;16m▀[38;2;167;17;17m[48;2;171;17;17m▀[38;2;95;9;9m[48;2;37;3;3m▀[38;2;69;7;7m[48;2;0;0;0m▀[38;2;69;7;7m[48;2;0;0;0m▀[38;2;79;8;8m[48;2;7;1;1m▀[38;2;159;15;15m[48;2;156;15;15m▀[38;2;163;16;16m[48;2;164;16;16m▀[38;2;161;16;16m[48;2;161;16;16m▀[38;2;162;16;16m[48;2;162;16;16m▀[38;2;162;16;16m[48;2;162;16;16m▀[38;2;162;16;16m[48;2;162;16;16m▀[38;2;162;16;16m[48;2;162;16;16m▀[38;2;161;16;16m[48;2;160;16;16m▀[38;2;168;17;17m[48;2;171;17;17m▀[38;2;128;13;13m[48;2;112;12;12m▀[38;2;48;6;6m[48;2;0;1;1m▀[38;2;53;7;7m[48;2;0;2;2m▀[38;2;48;6;6m[48;2;0;1;1m▀[38;2;119;12;12m[48;2;98;11;11m▀[38;2;170;17;17m[48;2;174;17;17m▀[38;2;161;16;16m[48;2;160;16;16m▀[38;2;162;16;16m[48;2;162;16;16m▀[38;2;162;16;16m[48;2;162;16;16m▀[38;2;162;16;16m[48;2;162;16;16m▀[38;2;162;16;16m[48;2;162;16;16m▀[38;2;162;16;16m[48;2;162;16;16m▀[38;2;172;17;17m[48;2;172;17;17m▀[38;2;121;12;12m[48;2;126;11;11m▀[0m [0m [0m
[0m[38;2;22;8;8m▄[38;2;2;8;8m[48;2;14;14;14m▀[38;2;80;12;12m[48;2;74;15;15m▀[38;2;172;16;16m[48;2;171;16;16m▀[38;2;160;16;16m[48;2;160;16;16m▀[38;2;162;16;16m[48;2;162;16;16m▀[38;2;162;16;16m[48;2;162;16;16m▀[38;2;162;16;16m[48;2;162;16;16m▀[38;2;162;16;16m[48;2;162;16;16m▀[38;2;160;16;16m[48;2;160;16;16m▀[38;2;170;17;17m[48;2;170;17;17m▀[38;2;45;4;4m[48;2;52;5;5m▀[38;2;0;0;0m[48;2;10;1;1m▀[38;2;0;0;0m[48;2;10;1;1m▀[38;2;17;2;2m[48;2;26;3;3m▀[38;2;156;15;15m[48;2;156;15;15m▀[38;2;164;16;16m[48;2;164;16;16m▀[38;2;161;16;16m[48;2;161;16;16m▀[38;2;162;16;16m[48;2;162;16;16m▀[38;2;162;16;16m[48;2;162;16;16m▀[38;2;162;16;16m[48;2;162;16;16m▀[38;2;162;16;16m[48;2;162;16;16m▀[38;2;160;16;16m[48;2;160;16;16m▀[38;2;171;17;17m[48;2;170;17;17m▀[38;2;113;12;12m[48;2;121;13;13m▀[38;2;0;2;2m[48;2;24;4;4m▀[38;2;4;3;3m[48;2;30;5;5m▀[38;2;0;2;2m[48;2;24;4;4m▀[38;2;100;11;11m[48;2;110;12;12m▀[38;2;173;17;17m[48;2;171;17;17m▀[38;2;160;16;16m[48;2;160;16;16m▀[38;2;162;16;16m[48;2;162;16;16m▀[38;2;162;16;16m[48;2;162;16;16m▀[38;2;162;16;16m[48;2;162;16;16m▀[38;2;162;16;16m[48;2;162;16;16m▀[38;2;160;16;16m[48;2;160;16;16m▀[38;2;171;16;16m[48;2;170;16;16m▀[38;2;79;12;12m[48;2;76;15;15m▀[38;2;8;8;8m[48;2;22;14;14m▀[0m[38;2;25;8;8m▄[0m
[38;2;23;11;11m[48;2;24;13;13m▀[38;2;18;16;16m[48;2;17;16;16m▀[38;2;74;13;13m[48;2;73;13;13m▀[38;2;171;16;16m[48;2;171;16;16m▀[38;2;160;16;16m[48;2;160;16;16m▀[38;2;162;16;16m[48;2;162;16;16m▀[38;2;162;16;16m[48;2;162;16;16m▀[38;2;162;16;16m[48;2;162;16;16m▀[38;2;162;16;16m[48;2;162;16;16m▀[38;2;162;16;16m[48;2;162;16;16m▀[38;2;163;16;16m[48;2;162;16;16m▀[38;2;153;15;15m[48;2;164;16;16m▀[38;2;149;15;15m[48;2;163;16;16m▀[38;2;149;15;15m[48;2;164;16;16m▀[38;2;151;15;15m[48;2;165;16;16m▀[38;2;162;16;16m[48;2;162;16;16m▀[38;2;162;16;16m[48;2;161;16;16m▀[38;2;162;16;16m[48;2;161;16;16m▀[38;2;162;16;16m[48;2;162;16;16m▀[38;2;162;16;16m[48;2;162;16;16m▀[38;2;162;16;16m[48;2;162;16;16m▀[38;2;162;16;16m[48;2;162;16;16m▀[38;2;162;16;16m[48;2;162;16;16m▀[38;2;162;16;16m[48;2;162;16;16m▀[38;2;162;16;16m[48;2;162;16;16m▀[38;2;161;16;16m[48;2;163;16;16m▀[38;2;161;16;16m[48;2;163;16;16m▀[38;2;161;16;16m[48;2;163;16;16m▀[38;2;162;16;16m[48;2;162;16;16m▀[38;2;162;16;16m[48;2;162;16;16m▀[38;2;162;16;16m[48;2;162;16;16m▀[38;2;162;16;16m[48;2;162;16;16m▀[38;2;162;16;16m[48;2;162;16;16m▀[38;2;162;16;16m[48;2;162;16;16m▀[38;2;162;16;16m[48;2;162;16;16m▀[38;2;160;16;16m[48;2;160;16;16m▀[38;2;170;16;16m[48;2;170;16;16m▀[38;2;74;13;13m[48;2;74;13;13m▀[38;2;26;16;16m[48;2;25;16;16m▀[38;2;28;11;11m[48;2;30;13;13m▀[0m
[38;2;25;13;13m[48;2;24;13;13m▀[38;2;17;15;15m[48;2;17;15;15m▀[38;2;73;14;14m[48;2;73;14;14m▀[38;2;171;16;16m[48;2;171;16;16m▀[38;2;160;16;16m[48;2;160;16;16m▀[38;2;162;16;16m[48;2;162;16;16m▀[38;2;162;16;16m[48;2;162;16;16m▀[38;2;162;16;16m[48;2;162;16;16m▀[38;2;162;16;16m[48;2;162;16;16m▀[38;2;162;16;16m[48;2;162;16;16m▀[38;2;162;16;16m[48;2;163;16;16m▀[38;2;162;16;16m[48;2;162;16;16m▀[38;2;170;17;17m[48;2;56;6;6m▀[38;2;166;16;16m[48;2;93;9;9m▀[38;2;161;16;16m[48;2;167;16;16m▀[38;2;161;16;16m[48;2;166;16;16m▀[38;2;168;17;17m[48;2;80;8;8m▀[38;2;169;17;17m[48;2;72;7;7m▀[38;2;162;16;16m[48;2;166;16;16m▀[38;2;162;16;16m[48;2;158;16;16m▀[38;2;162;16;16m[48;2;160;16;16m▀[38;2;162;16;16m[48;2;160;16;16m▀[38;2;162;16;16m[48;2;160;16;16m▀[38;2;162;16;16m[48;2;160;16;16m▀[38;2;162;16;16m[48;2;160;16;16m▀[38;2;162;16;16m[48;2;160;16;16m▀[38;2;162;16;16m[48;2;160;16;16m▀[38;2;162;16;16m[48;2;160;16;16m▀[38;2;162;16;16m[48;2;162;16;16m▀[38;2;162;16;16m[48;2;162;16;16m▀[38;2;162;16;16m[48;2;162;16;16m▀[38;2;162;16;16m[48;2;162;16;16m▀[38;2;162;16;16m[48;2;162;16;16m▀[38;2;162;16;16m[48;2;162;16;16m▀[38;2;162;16;16m[48;2;162;16;16m▀[38;2;160;16;16m[48;2;160;16;16m▀[38;2;170;16;16m[48;2;170;16;16m▀[38;2;74;14;14m[48;2;74;14;14m▀[38;2;25;15;15m[48;2;25;15;15m▀[38;2;31;14;14m[48;2;31;13;13m▀[0m
[38;2;24;12;12m[48;2;22;12;12m▀[38;2;17;16;16m[48;2;18;16;16m▀[38;2;73;13;13m[48;2;74;13;13m▀[38;2;171;16;16m[48;2;171;16;16m▀[38;2;160;16;16m[48;2;160;16;16m▀[38;2;162;16;16m[48;2;162;16;16m▀[38;2;162;16;16m[48;2;162;16;16m▀[38;2;162;16;16m[48;2;162;16;16m▀[38;2;162;16;16m[48;2;162;16;16m▀[38;2;161;16;16m[48;2;162;16;16m▀[38;2;164;16;16m[48;2;163;16;16m▀[38;2;156;15;15m[48;2;160;16;16m▀[38;2;0;0;0m[48;2;17;2;2m▀[38;2;59;6;6m[48;2;14;1;1m▀[38;2;183;18;18m[48;2;91;9;9m▀[38;2;183;18;18m[48;2;115;11;11m▀[38;2;41;4;4m[48;2;31;3;3m▀[38;2;27;2;2m[48;2;23;2;2m▀[38;2;183;18;18m[48;2;112;11;11m▀[38;2;170;17;17m[48;2;105;11;11m▀[38;2;173;17;17m[48;2;106;11;11m▀[38;2;173;17;17m[48;2;106;11;11m▀[38;2;173;17;17m[48;2;106;11;11m▀[38;2;173;17;17m[48;2;106;11;11m▀[38;2;173;17;17m[48;2;106;11;11m▀[38;2;173;17;17m[48;2;107;11;11m▀[38;2;173;17;17m[48;2;106;11;11m▀[38;2;172;17;17m[48;2;110;11;11m▀[38;2;163;16;16m[48;2;158;16;16m▀[38;2;162;16;16m[48;2;163;16;16m▀[38;2;162;16;16m[48;2;162;16;16m▀[38;2;162;16;16m[48;2;162;16;16m▀[38;2;162;16;16m[48;2;162;16;16m▀[38;2;162;16;16m[48;2;162;16;16m▀[38;2;162;16;16m[48;2;162;16;16m▀[38;2;160;16;16m[48;2;160;16;16m▀[38;2;170;16;16m[48;2;170;16;16m▀[38;2;74;13;13m[48;2;74;13;13m▀[38;2;25;16;16m[48;2;26;16;16m▀[38;2;30;12;12m[48;2;28;11;11m▀[0m
[0m [0m[38;2;12;13;13m▀[38;2;75;15;15m[48;2;89;12;12m▀[38;2;171;16;16m[48;2;172;17;17m▀[38;2;160;16;16m[48;2;161;16;16m▀[38;2;162;16;16m[48;2;162;16;16m▀[38;2;162;16;16m[48;2;162;16;16m▀[38;2;162;16;16m[48;2;162;16;16m▀[38;2;162;16;16m[48;2;162;16;16m▀[38;2;162;16;16m[48;2;162;16;16m▀[38;2;160;16;16m[48;2;162;16;16m▀[38;2;171;17;17m[48;2;163;16;16m▀[38;2;75;7;7m[48;2;162;16;16m▀[38;2;0;0;0m[48;2;100;10;10m▀[38;2;0;0;0m[48;2;65;6;6m▀[38;2;0;0;0m[48;2;65;6;6m▀[38;2;0;0;0m[48;2;18;2;2m▀[38;2;0;0;0m[48;2;14;1;1m▀[38;2;0;0;0m[48;2;64;6;6m▀[38;2;0;0;0m[48;2;60;6;6m▀[38;2;0;0;0m[48;2;60;6;6m▀[38;2;0;0;0m[48;2;60;6;6m▀[38;2;0;0;0m[48;2;60;6;6m▀[38;2;0;0;0m[48;2;60;6;6m▀[38;2;0;0;0m[48;2;60;6;6m▀[38;2;0;0;0m[48;2;61;6;6m▀[38;2;0;0;0m[48;2;60;6;6m▀[38;2;0;0;0m[48;2;67;7;7m▀[38;2;150;15;15m[48;2;155;15;15m▀[38;2;165;16;16m[48;2;164;16;16m▀[38;2;161;16;16m[48;2;161;16;16m▀[38;2;162;16;16m[48;2;162;16;16m▀[38;2;162;16;16m[48;2;162;16;16m▀[38;2;162;16;16m[48;2;162;16;16m▀[38;2;162;16;16m[48;2;162;16;16m▀[38;2;160;16;16m[48;2;161;16;16m▀[38;2;170;16;16m[48;2;171;17;17m▀[38;2;76;15;15m[48;2;87;12;12m▀[0m[38;2;19;13;13m▀[0m [0m
[0m [0m [38;2;129;10;10m[48;2;120;12;12m▀[38;2;173;17;17m[48;2;173;17;17m▀[38;2;162;16;16m[48;2;162;16;16m▀[38;2;162;16;16m[48;2;162;16;16m▀[38;2;162;16;16m[48;2;162;16;16m▀[38;2;162;16;16m[48;2;162;16;16m▀[38;2;162;16;16m[48;2;162;16;16m▀[38;2;162;16;16m[48;2;162;16;16m▀[38;2;162;16;16m[48;2;162;16;16m▀[38;2;162;16;16m[48;2;162;16;16m▀[38;2;162;16;16m[48;2;162;16;16m▀[38;2;172;17;17m[48;2;160;16;16m▀[38;2;171;17;17m[48;2;159;16;16m▀[38;2;186;18;18m[48;2;164;16;16m▀[38;2;41;4;4m[48;2;122;12;12m▀[38;2;27;2;2m[48;2;119;12;12m▀[38;2;182;18;18m[48;2;163;16;16m▀[38;2;170;17;17m[48;2;159;16;16m▀[38;2;172;17;17m[48;2;160;16;16m▀[38;2;172;17;17m[48;2;160;16;16m▀[38;2;172;17;17m[48;2;160;16;16m▀[38;2;172;17;17m[48;2;160;16;16m▀[38;2;172;17;17m[48;2;160;16;16m▀[38;2;172;17;17m[48;2;160;16;16m▀[38;2;172;17;17m[48;2;160;16;16m▀[38;2;172;17;17m[48;2;160;16;16m▀[38;2;163;16;16m[48;2;162;16;16m▀[38;2;162;16;16m[48;2;162;16;16m▀[38;2;162;16;16m[48;2;162;16;16m▀[38;2;162;16;16m[48;2;162;16;16m▀[38;2;162;16;16m[48;2;162;16;16m▀[38;2;162;16;16m[48;2;162;16;16m▀[38;2;162;16;16m[48;2;162;16;16m▀[38;2;162;16;16m[48;2;162;16;16m▀[38;2;172;17;17m[48;2;172;17;17m▀[38;2;131;11;11m[48;2;120;12;12m▀[0m [0m [0m
[0m [0m [38;2;122;12;12m[48;2;122;12;12m▀[38;2;173;17;17m[48;2;172;17;17m▀[38;2;162;16;16m[48;2;161;16;16m▀[38;2;162;16;16m[48;2;161;16;16m▀[38;2;162;16;16m[48;2;161;16;16m▀[38;2;162;16;16m[48;2;161;16;16m▀[38;2;162;16;16m[48;2;161;16;16m▀[38;2;162;16;16m[48;2;161;16;16m▀[38;2;162;16;16m[48;2;161;16;16m▀[38;2;162;16;16m[48;2;161;16;16m▀[38;2;162;16;16m[48;2;161;16;16m▀[38;2;162;16;16m[48;2;161;16;16m▀[38;2;162;16;16m[48;2;161;16;16m▀[38;2;161;16;16m[48;2;162;16;16m▀[38;2;169;17;17m[48;2;160;16;16m▀[38;2;170;17;17m[48;2;160;16;16m▀[38;2;161;16;16m[48;2;162;16;16m▀[38;2;162;16;16m[48;2;161;16;16m▀[38;2;162;16;16m[48;2;161;16;16m▀[38;2;162;16;16m[48;2;161;16;16m▀[38;2;162;16;16m[48;2;161;16;16m▀[38;2;162;16;16m[48;2;161;16;16m▀[38;2;162;16;16m[48;2;161;16;16m▀[38;2;162;16;16m[48;2;161;16;16m▀[38;2;162;16;16m[48;2;161;16;16m▀[38;2;162;16;16m[48;2;161;16;16m▀[38;2;162;16;16m[48;2;161;16;16m▀[38;2;162;16;16m[48;2;161;16;16m▀[38;2;162;16;16m[48;2;161;16;16m▀[38;2;162;16;16m[48;2;161;16;16m▀[38;2;162;16;16m[48;2;161;16;16m▀[38;2;162;16;16m[48;2;161;16;16m▀[38;2;162;16;16m[48;2;161;16;16m▀[38;2;162;16;16m[48;2;161;16;16m▀[38;2;172;17;17m[48;2;171;17;17m▀[38;2;122;12;12m[48;2;122;12;12m▀[0m [0m [0m
[0m [0m [38;2;124;12;12m[48;2;112;10;10m▀[38;2;176;17;17m[48;2;158;16;16m▀[38;2;165;16;16m[48;2;148;15;15m▀[38;2;165;16;16m[48;2;148;15;15m▀[38;2;165;16;16m[48;2;148;15;15m▀[38;2;165;16;16m[48;2;148;15;15m▀[38;2;165;16;16m[48;2;148;15;15m▀[38;2;165;16;16m[48;2;148;15;15m▀[38;2;165;16;16m[48;2;148;15;15m▀[38;2;165;16;16m[48;2;148;15;15m▀[38;2;165;16;16m[48;2;148;15;15m▀[38;2;165;16;16m[48;2;148;15;15m▀[38;2;165;16;16m[48;2;148;15;15m▀[38;2;165;16;16m[48;2;148;15;15m▀[38;2;165;16;16m[48;2;148;15;15m▀[38;2;165;16;16m[48;2;148;15;15m▀[38;2;165;16;16m[48;2;148;15;15m▀[38;2;165;16;16m[48;2;148;15;15m▀[38;2;165;16;16m[48;2;148;15;15m▀[38;2;165;16;16m[48;2;148;15;15m▀[38;2;165;16;16m[48;2;148;15;15m▀[38;2;165;16;16m[48;2;148;15;15m▀[38;2;165;16;16m[48;2;148;15;15m▀[38;2;165;16;16m[48;2;148;15;15m▀[38;2;165;16;16m[48;2;148;15;15m▀[38;2;165;16;16m[48;2;148;15;15m▀[38;2;165;16;16m[48;2;148;15;15m▀[38;2;165;16;16m[48;2;148;15;15m▀[38;2;165;16;16m[48;2;148;15;15m▀[38;2;165;16;16m[48;2;148;15;15m▀[38;2;165;16;16m[48;2;148;15;15m▀[38;2;165;16;16m[48;2;148;15;15m▀[38;2;165;16;16m[48;2;148;15;15m▀[38;2;165;16;16m[48;2;148;15;15m▀[38;2;175;17;17m[48;2;157;16;16m▀[38;2;124;12;12m[48;2;111;10;10m▀[0m [0m [0m
